129297
1550 0
1553 0.00074
1556 0.00148
1560 0.00222
1564 0.00296
1568 0.0037
1572 0.00444
1577 0.00518
1581 0.00592
1587 0.00666
1592 0.0074
1600 0.00815
1609 0.0089
1619 0.00965
1630 0.0104
1641 0.01115
1654 0.0119
1668 0.01265
1683 0.0134
1699 0.01415
1717 0.0149
1722 0.0175
1727 0.0201
1732 0.0227
1737 0.0253
1743 0.0279
1748 0.0305
1754 0.0331
1759 0.0357
1765 0.0383
1771 0.0409
1774 0.04201
1777 0.04312
1779 0.04423
1782 0.04534
1785 0.04645
1788 0.04756
1791 0.04867
1794 0.04978
1797 0.05089
1800 0.052
1803 0.06055
1805 0.0691
1808 0.07765
1810 0.0862
1813 0.09475
1815 0.1033
1818 0.11185
1821 0.1204
1823 0.12895
1826 0.1375
1831 0.14401
1835 0.15052
1840 0.15703
1845 0.16354
1850 0.17005
1855 0.17656
1860 0.18307
1865 0.18958
1871 0.19609
1876 0.2026
1881 0.20464
1885 0.20668
1890 0.20872
1895 0.21076
1900 0.2128
1905 0.21484
1910 0.21688
1915 0.21892
1920 0.22096
1925 0.223
1930 0.22709
1935 0.23118
1941 0.23527
1946 0.23936
1952 0.24345
1957 0.24754
1963 0.25163
1968 0.25572
1974 0.25981
1980 0.2639
1991 0.28342
2002 0.30294
2013 0.32246
2025 0.34198
2037 0.3615
2049 0.38102
2061 0.40054
2074 0.42006
2087 0.43958
2100 0.4591
2107 0.46486
2115 0.47062
2123 0.47638
2130 0.48214
2138 0.4879
2146 0.49366
2154 0.49942
2162 0.50518
2171 0.51094
2179 0.5167
2185 0.52023
2190 0.52376
2196 0.52729
2202 0.53082
2207 0.53435
2213 0.53788
2219 0.54141
2225 0.54494
2231 0.54847
2237 0.552
2243 0.55442
2249 0.55684
2255 0.55926
2262 0.56168
2268 0.5641
2274 0.56652
2281 0.56894
2287 0.57136
2293 0.57378
2300 0.5762
2308 0.5777
2316 0.5792
2325 0.5807
2333 0.5822
2341 0.5837
2350 0.5852
2359 0.5867
2367 0.5882
2376 0.5897
2385 0.5912
2400 0.59305
2414 0.5949
2429 0.59675
2445 0.5986
2460 0.60045
2476 0.6023
2492 0.60415
2509 0.606
2525 0.60785
2542 0.6097
2563 0.61155
2585 0.6134
2608 0.61525
2630 0.6171
2654 0.61895
2677 0.6208
2701 0.62265
2726 0.6245
2751 0.62635
2777 0.6282
2790 0.62932
2803 0.63044
2816 0.63156
2830 0.63268
2843 0.6338
2857 0.63492
2871 0.63604
2885 0.63716
2899 0.63828
2913 0.6394
2925 0.64014
2936 0.64088
2948 0.64162
2960 0.64236
2972 0.6431
2984 0.64384
2997 0.64458
3009 0.64532
3021 0.64606
3034 0.6468
3047 0.64885
3059 0.6509
3072 0.65295
3085 0.655
3098 0.65705
3111 0.6591
3124 0.66115
3137 0.6632
3151 0.66525
3164 0.6673
3212 0.66804
3262 0.66878
3313 0.66952
3365 0.67026
3419 0.671
3475 0.67174
3532 0.67248
3591 0.67322
3652 0.67396
3714 0.6747
3811 0.67563
3912 0.67656
4017 0.67749
4127 0.67842
4242 0.67935
4362 0.68028
4487 0.68121
4618 0.68214
4754 0.68307
4896 0.684
5044 0.68493
5199 0.68586
5361 0.68679
5530 0.68772
5706 0.68865
5890 0.68958
6082 0.69051
6283 0.69144
6492 0.69237
6710 0.6933
6927 0.69479
7152 0.69628
7387 0.69777
7632 0.69926
7887 0.70075
8153 0.70224
8429 0.70373
8717 0.70522
9017 0.70671
9330 0.7082
10512 0.7095
11873 0.7108
13439 0.7121
15241 0.7134
17316 0.7147
19703 0.716
22452 0.7173
25615 0.7186
29256 0.7199
33446 0.7212
33905 0.72213
34371 0.72306
34843 0.72399
35322 0.72492
35808 0.72585
36301 0.72678
36801 0.72771
37308 0.72864
37822 0.72957
38344 0.7305
38646 0.73143
38950 0.73236
39256 0.73329
39565 0.73422
39877 0.73515
40191 0.73608
40507 0.73701
40827 0.73794
41148 0.73887
41473 0.7398
41882 0.74166
42296 0.74352
42714 0.74538
43136 0.74724
43562 0.7491
43993 0.75096
44428 0.75282
44867 0.75468
45311 0.75654
45760 0.7584
46031 0.76044
46304 0.76248
46579 0.76452
46856 0.76656
47134 0.7686
47413 0.77064
47695 0.77268
47978 0.77472
48263 0.77676
48550 0.7788
48935 0.78252
49323 0.78624
49715 0.78996
50109 0.79368
50507 0.7974
50908 0.80112
51313 0.80484
51721 0.80856
52132 0.81228
52546 0.816
53597 0.81674
54669 0.81748
55764 0.81822
56881 0.81896
58021 0.8197
59184 0.82044
60372 0.82118
61584 0.82192
62821 0.82266
64083 0.8234
64853 0.82433
65632 0.82526
66421 0.82619
67220 0.82712
68028 0.82805
68847 0.82898
69675 0.82991
70514 0.83084
71363 0.83177
72222 0.8327
72656 0.83363
73092 0.83456
73531 0.83549
73973 0.83642
74417 0.83735
74864 0.83828
75314 0.83921
75766 0.84014
76222 0.84107
76680 0.842
77295 0.84497
77916 0.84794
78541 0.85091
79172 0.85388
79807 0.85685
80448 0.85982
81095 0.86279
81746 0.86576
82403 0.86873
83065 0.8717
84914 0.87338
86805 0.87506
88738 0.87674
90716 0.87842
92738 0.8801
94806 0.88178
96921 0.88346
99084 0.88514
101296 0.88682
103558 0.8885
104813 0.88943
106084 0.89036
107371 0.89129
108673 0.89222
109992 0.89315
111326 0.89408
112677 0.89501
114045 0.89594
115429 0.89687
116831 0.8978
118488 0.89872
120169 0.89964
121873 0.90056
123603 0.90148
125357 0.9024
127136 0.90332
128941 0.90424
130772 0.90516
132629 0.90608
134513 0.907
136699 0.90794
138921 0.90888
141179 0.90982
143475 0.91076
145808 0.9117
148180 0.91264
150591 0.91358
153041 0.91452
155532 0.91546
158063 0.9164
160636 0.91733
163252 0.91826
165910 0.91919
168612 0.92012
171359 0.92105
174151 0.92198
176988 0.92291
179873 0.92384
182804 0.92477
185784 0.9257
188432 0.92662
191118 0.92754
193843 0.92846
196607 0.92938
199411 0.9303
202255 0.93122
205140 0.93214
208066 0.93306
211035 0.93398
214046 0.9349
216660 0.93583
219305 0.93676
221984 0.93769
224695 0.93862
227440 0.93955
230218 0.94048
233030 0.94141
235877 0.94234
238759 0.94327
241677 0.9442
246122 0.94513
250650 0.94606
255261 0.94699
259958 0.94792
264741 0.94885
269613 0.94978
274575 0.95071
279629 0.95164
284777 0.95257
290020 0.9535
304481 0.95443
319666 0.95536
335613 0.95629
352358 0.95722
369944 0.95815
388410 0.95908
407802 0.96001
428166 0.96094
449551 0.96187
472007 0.9628
493579 0.96336
516141 0.96392
539737 0.96448
564414 0.96504
590223 0.9656
617216 0.96616
645446 0.96672
674970 0.96728
705848 0.96784
738142 0.9684
756377 0.96877
775063 0.96914
794211 0.96951
813833 0.96988
833942 0.97025
854548 0.97062
875664 0.97099
897302 0.97136
919477 0.97173
942200 0.9721
1003539 0.97303
1068879 0.97396
1138478 0.97489
1212616 0.97582
1291588 0.97675
1375710 0.97768
1465317 0.97861
1560767 0.97954
1662440 0.98047
1770744 0.9814
1807165 0.98196
1844337 0.98252
1882273 0.98308
1920990 0.98364
1960505 0.9842
2000832 0.98476
2041990 0.98532
2083996 0.98588
2126866 0.98644
2170618 0.987
2528789 0.9883
2946102 0.9896
3432322 0.9909
3998829 0.9922
4658879 0.9935
5427918 0.9948
6323943 0.9961
7367923 0.9974
8584287 0.9987
10001500 1.0
