4427.35
1501 0
1503 0.0648826230027598
1532 0.0973239345041398
1536 0.108913294911834
1540 0.120502655319528
1546 0.132092015727223
1553 0.143681376134917
1564 0.155270736542611
1570 0.18798780420397
1577 0.220704871865328
1585 0.253421939526687
1596 0.286139007188045
1610 0.318856074849404
1628 0.351573142510763
1637 0.369864095116246
1646 0.388155047721729
1658 0.406446000327212
1671 0.424736952932695
1686 0.443027905538178
1705 0.461318858143661
1728 0.479609810749145
1756 0.497900763354628
1768 0.523993534878443
1782 0.550086306402258
1796 0.576179077926073
1813 0.602271849449888
1831 0.628364620973703
1852 0.654457392497518
1875 0.680550164021333
1902 0.706642935545148
1933 0.732735707068963
1969 0.758828478592778
2012 0.784921250116593
2031 0.790512558564584
2051 0.796103867012575
2073 0.801695175460566
2097 0.807286483908557
2123 0.812877792356548
2152 0.818469100804539
2183 0.82406040925253
2217 0.829651717700521
2255 0.835243026148512
2296 0.840834334596503
2343 0.846425643044494
2396 0.852016951492485
2456 0.857608259940476
2524 0.863199568388467
2553 0.865736365928318
2584 0.86827316346817
2617 0.870809961008021
2652 0.873346758547872
2689 0.875883556087723
2729 0.878420353627574
2771 0.880957151167425
2817 0.883493948707276
2865 0.886030746247128
2918 0.888567543786979
2975 0.89110434132683
3036 0.893641138866681
3103 0.896177936406532
3176 0.898714733946383
3255 0.901251531486234
3343 0.903788329026086
3440 0.906325126565937
3548 0.908861924105788
3592 0.909949120991973
3637 0.911036317878158
3685 0.912123514764344
3734 0.913210711650529
3786 0.914297908536714
3841 0.9153851054229
3898 0.916472302309085
3958 0.91755949919527
4021 0.918646696081455
4087 0.919733892967641
4157 0.920821089853826
4231 0.921908286740011
4309 0.922995483626197
4391 0.924082680512382
4479 0.925169877398567
4572 0.926257074284752
4671 0.927344271170938
4777 0.928431468057123
4890 0.929518664943308
5011 0.930605861829494
5141 0.931693058715679
5281 0.932780255601864
5432 0.933867452488049
5596 0.934954649374235
5663 0.935901565991808
5733 0.936848482609381
5804 0.937795399226954
5878 0.938742315844527
5955 0.9396892324621
6035 0.940636149079674
6117 0.941583065697247
6203 0.94252998231482
6292 0.943476898932393
6384 0.944423815549966
6479 0.945370732167539
6579 0.946317648785112
6683 0.947264565402686
6791 0.948211482020259
6903 0.949158398637832
7021 0.950105315255405
7143 0.951052231872978
7272 0.951999148490551
7406 0.952946065108124
7546 0.953892981725698
7694 0.954839898343271
7849 0.955786814960844
8012 0.956733731578417
8183 0.95768064819599
8364 0.958627564813563
8554 0.959574481431136
8756 0.96052139804871
8969 0.961468314666283
9196 0.962415231283856
9436 0.963362147901429
9692 0.964309064519002
9793 0.964806259070139
9897 0.965303453621275
10003 0.965800648172412
10112 0.966297842723548
10224 0.966795037274685
10339 0.967292231825821
10457 0.967789426376958
10578 0.968286620928094
10702 0.968783815479231
10830 0.969281010030367
10961 0.969778204581504
11096 0.97027539913264
11235 0.970772593683777
11379 0.971269788234913
11526 0.97176698278605
11678 0.972264177337186
11835 0.972761371888322
11996 0.973258566439459
12163 0.973755760990595
12335 0.974252955541732
12512 0.974750150092868
12696 0.975247344644005
12885 0.975744539195141
13082 0.976241733746278
13285 0.976738928297414
13495 0.977236122848551
13714 0.977733317399687
13940 0.978230511950824
14174 0.97872770650196
14418 0.979224901053097
14671 0.979722095604233
14935 0.98021929015537
15209 0.980716484706506
15495 0.981213679257643
15792 0.981710873808779
16103 0.982208068359916
16428 0.982705262911052
16767 0.983202457462189
17122 0.983699652013325
17494 0.984196846564462
17884 0.984694041115598
18040 0.984801735350781
18199 0.984909429585963
18361 0.985017123821145
18527 0.985124818056328
18695 0.98523251229151
18867 0.985340206526693
19042 0.985447900761875
19221 0.985555594997057
19404 0.98566328923224
19591 0.985770983467422
19781 0.985878677702604
19976 0.985986371937787
20174 0.986094066172969
20377 0.986201760408151
20585 0.986309454643334
20797 0.986417148878516
21014 0.986524843113698
21235 0.986632537348881
21462 0.986740231584063
21694 0.986847925819246
21932 0.986955620054428
22175 0.98706331428961
22424 0.987171008524793
22679 0.987278702759975
22941 0.987386396995157
23209 0.98749409123034
23484 0.987601785465522
23765 0.987709479700704
24055 0.987817173935887
24351 0.987924868171069
24656 0.988032562406252
24969 0.988140256641434
25290 0.988247950876616
25621 0.988355645111799
25961 0.988463339346981
26310 0.988571033582163
26670 0.988678727817346
27040 0.988786422052528
27421 0.98889411628771
27814 0.989001810522893
28219 0.989109504758075
28636 0.989217198993258
29067 0.98932489322844
29511 0.989432587463622
29971 0.989540281698805
30445 0.989647975933987
30936 0.989755670169169
31443 0.989863364404352
31968 0.989971058639534
32513 0.990078752874716
33076 0.990186447109899
33661 0.990294141345081
34268 0.990401835580264
34507 0.990443196317542
34750 0.990484557054821
34996 0.990525917792099
35246 0.990567278529378
35500 0.990608639266656
35757 0.990650000003935
36019 0.990691360741213
36284 0.990732721478492
36554 0.99077408221577
36828 0.990815442953049
37106 0.990856803690327
37389 0.990898164427606
37676 0.990939525164885
37968 0.990980885902163
38264 0.991022246639442
38565 0.99106360737672
38872 0.991104968113999
39183 0.991146328851277
39500 0.991187689588556
39822 0.991229050325834
40149 0.991270411063113
40483 0.991311771800391
40822 0.99135313253767
41167 0.991394493274948
41518 0.991435854012227
41875 0.991477214749506
42239 0.991518575486784
42609 0.991559936224063
42986 0.991601296961341
43370 0.99164265769862
43762 0.991684018435898
44160 0.991725379173177
44567 0.991766739910455
44981 0.991808100647734
45403 0.991849461385012
45833 0.991890822122291
46272 0.99193218285957
46720 0.991973543596848
47177 0.992014904334127
47643 0.992056265071405
48118 0.992097625808684
48604 0.992138986545962
49100 0.992180347283241
49606 0.992221708020519
50123 0.992263068757798
50652 0.992304429495076
51192 0.992345790232355
51744 0.992387150969633
52309 0.992428511706912
52886 0.992469872444191
53477 0.992511233181469
54081 0.992552593918748
54700 0.992593954656026
55333 0.992635315393305
55982 0.992676676130583
56646 0.992718036867862
57327 0.99275939760514
58025 0.992800758342419
58740 0.992842119079697
59474 0.992883479816976
60227 0.992924840554255
61000 0.992966201291533
61793 0.993007562028812
62608 0.99304892276609
63445 0.993090283503369
64305 0.993131644240647
65190 0.993173004977926
66100 0.993214365715204
67036 0.993255726452483
67402 0.993298761415796
67772 0.993341796379109
68147 0.993384831342422
68525 0.993427866305735
68908 0.993470901269048
69296 0.993513936232361
69688 0.993556971195674
70084 0.993600006158987
70485 0.9936430411223
70891 0.993686076085613
71302 0.993729111048926
71717 0.993772146012239
72138 0.993815180975552
72563 0.993858215938865
72994 0.993901250902179
73430 0.993944285865492
73871 0.993987320828805
74318 0.994030355792118
74770 0.994073390755431
75228 0.994116425718744
75692 0.994159460682057
76161 0.99420249564537
76637 0.994245530608683
77118 0.994288565571996
77606 0.994331600535309
78101 0.994374635498622
78601 0.994417670461935
79108 0.994460705425248
79622 0.994503740388561
80143 0.994546775351874
80671 0.994589810315187
81206 0.9946328452785
81748 0.994675880241813
82298 0.994718915205126
82855 0.994761950168439
83420 0.994804985131752
83993 0.994848020095065
84574 0.994891055058378
85163 0.994934090021691
85761 0.994977124985004
86367 0.995020159948317
86982 0.995063194911631
87606 0.995106229874944
88239 0.995149264838257
88881 0.99519229980157
89533 0.995235334764883
90195 0.995278369728196
90867 0.995321404691509
91549 0.995364439654822
92242 0.995407474618135
92946 0.995450509581448
93660 0.995493544544761
94386 0.995536579508074
95123 0.995579614471387
95872 0.9956226494347
96633 0.995665684398013
97406 0.995708719361326
98192 0.995751754324639
98992 0.995794789287952
99804 0.995837824251265
100630 0.995880859214578
101470 0.995923894177891
102325 0.995966929141204
103194 0.996009964104517
104078 0.996052999067831
104978 0.996096034031144
105894 0.996139068994457
106826 0.99618210395777
107775 0.996225138921083
108741 0.996268173884396
109725 0.996311208847709
110727 0.996354243811022
111747 0.996397278774335
112788 0.996440313737648
113847 0.996483348700961
114928 0.996526383664274
116029 0.996569418627587
117152 0.9966124535909
118297 0.996655488554213
119465 0.996698523517526
120656 0.996741558480839
121872 0.996784593444152
123113 0.996827628407465
124380 0.996870663370778
125673 0.996913698334091
126994 0.996956733297404
128344 0.996999768260717
129723 0.99704280322403
131132 0.997085838187344
132572 0.997128873150657
133130 0.997140095435483
133692 0.997151317720308
134260 0.997162540005134
134832 0.99717376228996
135409 0.997184984574786
135991 0.997196206859612
136579 0.997207429144438
137171 0.997218651429264
137769 0.99722987371409
138372 0.997241095998916
138980 0.997252318283742
139594 0.997263540568568
140213 0.997274762853394
140838 0.99728598513822
141468 0.997297207423046
142105 0.997308429707872
142747 0.997319651992698
143394 0.997330874277524
144048 0.997342096562349
144708 0.997353318847175
145374 0.997364541132001
146047 0.997375763416827
146725 0.997386985701653
147410 0.997398207986479
148102 0.997409430271305
148800 0.997420652556131
149505 0.997431874840957
150216 0.997443097125783
150935 0.997454319410609
151660 0.997465541695435
152393 0.997476763980261
153132 0.997487986265087
153879 0.997499208549913
154634 0.997510430834739
155395 0.997521653119564
156165 0.99753287540439
156942 0.997544097689216
157727 0.997555319974042
158520 0.997566542258868
159321 0.997577764543694
160131 0.99758898682852
160948 0.997600209113346
161775 0.997611431398172
162609 0.997622653682998
163453 0.997633875967824
164305 0.99764509825265
165167 0.997656320537476
166037 0.997667542822302
166917 0.997678765107128
167806 0.997689987391954
168705 0.997701209676779
169614 0.997712431961605
170533 0.997723654246431
171461 0.997734876531257
172401 0.997746098816083
173350 0.997757321100909
174310 0.997768543385735
175281 0.997779765670561
176263 0.997790987955387
177256 0.997802210240213
178260 0.997813432525039
179276 0.997824654809865
180303 0.997835877094691
181343 0.997847099379517
182395 0.997858321664343
183459 0.997869543949169
184535 0.997880766233995
185625 0.99789198851882
186727 0.997903210803646
187843 0.997914433088472
188973 0.997925655373298
190116 0.997936877658124
191273 0.99794809994295
192444 0.997959322227776
193630 0.997970544512602
194831 0.997981766797428
196047 0.997992989082254
197278 0.99800421136708
198525 0.998015433651906
199788 0.998026655936732
201068 0.998037878221558
202364 0.998049100506384
203676 0.99806032279121
205007 0.998071545076035
206354 0.998082767360861
207720 0.998093989645687
209104 0.998105211930513
210507 0.998116434215339
211929 0.998127656500165
213370 0.998138878784991
214831 0.998150101069817
216312 0.998161323354643
217815 0.998172545639469
219338 0.998183767924295
220883 0.998194990209121
222450 0.998206212493947
224040 0.998217434778773
225652 0.998228657063599
227288 0.998239879348425
228948 0.99825110163325
230633 0.998262323918076
232343 0.998273546202902
234079 0.998284768487728
235841 0.998295990772554
237630 0.99830721305738
239446 0.998318435342206
241291 0.998329657627032
243164 0.998340879911858
245067 0.998352102196684
247000 0.99836332448151
248964 0.998374546766336
250960 0.998385769051162
252988 0.998396991335988
255049 0.998408213620814
257145 0.99841943590564
259275 0.998430658190466
261441 0.998441880475291
263644 0.998453102760117
264503 0.998459933656693
265369 0.998466764553268
266239 0.998473595449844
267116 0.998480426346419
267999 0.998487257242994
268887 0.99849408813957
269781 0.998500919036145
270681 0.998507749932721
271588 0.998514580829296
272500 0.998521411725872
273419 0.998528242622447
274344 0.998535073519022
275275 0.998541904415598
276213 0.998548735312173
277157 0.998555566208749
278107 0.998562397105324
279064 0.998569228001899
280028 0.998576058898475
280998 0.99858288979505
281976 0.998589720691626
282960 0.998596551588201
283951 0.998603382484777
284949 0.998610213381352
285954 0.998617044277927
286966 0.998623875174503
287986 0.998630706071078
289013 0.998637536967654
290047 0.998644367864229
291089 0.998651198760804
292138 0.99865802965738
293195 0.998664860553955
294259 0.998671691450531
295332 0.998678522347106
296412 0.998685353243681
297500 0.998692184140257
298597 0.998699015036832
299701 0.998705845933408
300814 0.998712676829983
301935 0.998719507726558
303064 0.998726338623134
304202 0.998733169519709
305349 0.998740000416285
306504 0.99874683131286
307668 0.998753662209436
308841 0.998760493106011
310023 0.998767324002586
311215 0.998774154899162
312415 0.998780985795737
313625 0.998787816692313
314844 0.998794647588888
316073 0.998801478485463
317311 0.998808309382039
318560 0.998815140278614
319818 0.99882197117519
321086 0.998828802071765
322364 0.99883563296834
323653 0.998842463864916
324952 0.998849294761491
326261 0.998856125658067
327582 0.998862956554642
328913 0.998869787451218
330254 0.998876618347793
331607 0.998883449244368
332971 0.998890280140944
334347 0.998897111037519
335734 0.998903941934095
337132 0.99891077283067
338542 0.998917603727245
339964 0.998924434623821
341399 0.998931265520396
342845 0.998938096416972
344304 0.998944927313547
345775 0.998951758210122
347259 0.998958589106698
348756 0.998965420003273
350265 0.998972250899849
351788 0.998979081796424
353325 0.998985912693
354875 0.998992743589575
356438 0.99899957448615
358016 0.999006405382726
359607 0.999013236279301
361213 0.999020067175877
362834 0.999026898072452
364469 0.999033728969027
366118 0.999040559865603
367783 0.999047390762178
369464 0.999054221658754
371159 0.999061052555329
372871 0.999067883451904
374598 0.99907471434848
376341 0.999081545245055
378101 0.999088376141631
379878 0.999095207038206
381671 0.999102037934781
383481 0.999108868831357
385309 0.999115699727932
387154 0.999122530624508
389017 0.999129361521083
390898 0.999136192417658
392798 0.999143023314234
394716 0.999149854210809
396653 0.999156685107385
398609 0.99916351600396
400585 0.999170346900536
402580 0.999177177797111
404596 0.999184008693686
406632 0.999190839590262
408688 0.999197670486837
410766 0.999204501383413
412864 0.999211332279988
414985 0.999218163176564
417127 0.999224994073139
419292 0.999231824969714
421479 0.99923865586629
423690 0.999245486762865
425924 0.999252317659441
428181 0.999259148556016
430463 0.999265979452591
432769 0.999272810349167
435100 0.999279641245742
437457 0.999286472142318
439839 0.999293303038893
442248 0.999300133935468
444683 0.999306964832044
447145 0.999313795728619
449634 0.999320626625195
452152 0.99932745752177
454698 0.999334288418345
457273 0.999341119314921
459878 0.999347950211496
462512 0.999354781108072
465177 0.999361612004647
467872 0.999368442901223
470600 0.999375273797798
473359 0.999382104694373
476151 0.999388935590949
478977 0.999395766487524
481836 0.9994025973841
484729 0.999409428280675
487658 0.99941625917725
490622 0.999423090073826
493623 0.999429920970401
496661 0.999436751866977
499736 0.999443582763552
502850 0.999450413660127
506004 0.999457244556703
509197 0.999464075453278
512430 0.999470906349854
515706 0.999477737246429
519023 0.999484568143004
522384 0.99949139903958
525788 0.999498229936155
528344 0.999500751393763
530925 0.99950327285137
533531 0.999505794308977
536163 0.999508315766584
538822 0.999510837224192
541506 0.999513358681799
544218 0.999515880139406
546958 0.999518401597013
549725 0.999520923054621
552520 0.999523444512228
555344 0.999525965969835
558197 0.999528487427442
561079 0.99953100888505
563992 0.999533530342657
566935 0.999536051800264
569908 0.999538573257872
572914 0.999541094715479
575951 0.999543616173086
579021 0.999546137630693
582124 0.9995486590883
585260 0.999551180545908
588431 0.999553702003515
591636 0.999556223461122
594876 0.99955874491873
598152 0.999561266376337
601464 0.999563787833944
604813 0.999566309291551
608200 0.999568830749159
611625 0.999571352206766
615090 0.999573873664373
618593 0.99957639512198
622137 0.999578916579588
625722 0.999581438037195
629348 0.999583959494802
633017 0.999586480952409
636729 0.999589002410017
640485 0.999591523867624
644286 0.999594045325231
648132 0.999596566782838
652024 0.999599088240446
655963 0.999601609698053
659951 0.99960413115566
663987 0.999606652613268
668073 0.999609174070875
672210 0.999611695528482
676399 0.999614216986089
680640 0.999616738443697
684935 0.999619259901304
689284 0.999621781358911
693690 0.999624302816518
698152 0.999626824274126
702672 0.999629345731733
707250 0.99963186718934
711890 0.999634388646947
716590 0.999636910104555
721353 0.999639431562162
726180 0.999641953019769
731073 0.999644474477376
736031 0.999646995934984
741058 0.999649517392591
746154 0.999652038850198
751320 0.999654560307805
756559 0.999657081765413
761871 0.99965960322302
767259 0.999662124680627
772724 0.999664646138234
778267 0.999667167595842
783890 0.999669689053449
789596 0.999672210511056
795385 0.999674731968664
801260 0.999677253426271
807223 0.999679774883878
813275 0.999682296341485
819419 0.999684817799093
825656 0.9996873392567
831990 0.999689860714307
838421 0.999692382171914
844953 0.999694903629522
851588 0.999697425087129
858327 0.999699946544736
865175 0.999702468002343
872133 0.999704989459951
879204 0.999707510917558
886390 0.999710032375165
893696 0.999712553832772
901123 0.99971507529038
908674 0.999717596747987
916354 0.999720118205594
924164 0.999722639663201
932109 0.999725161120809
940193 0.999727682578416
948417 0.999730204036023
956788 0.99973272549363
965307 0.999735246951238
973980 0.999737768408845
982810 0.999740289866452
991802 0.99974281132406
1000961 0.999745332781667
1010290 0.999747854239274
1019796 0.999750375696881
1029482 0.999752897154489
1039354 0.999755418612096
1049417 0.999757940069703
1059678 0.99976046152731
1070142 0.999762982984918
1080814 0.999765504442525
1091702 0.999768025900132
1102812 0.999770547357739
1114151 0.999773068815347
1125725 0.999775590272954
1137543 0.999778111730561
1149612 0.999780633188168
1161940 0.999783154645776
1174536 0.999785676103383
1187408 0.99978819756099
1200566 0.999790719018598
1214019 0.999793240476205
1227777 0.999795761933812
1241851 0.999798283391419
1256252 0.999800804849026
1270992 0.999803326306634
1286081 0.999805847764241
1301534 0.999808369221848
1317363 0.999810890679455
1333582 0.999813412137063
1350206 0.99981593359467
1367251 0.999818455052277
1384731 0.999820976509885
1402665 0.999823497967492
1421070 0.999826019425099
1439965 0.999828540882706
1459370 0.999831062340314
1479305 0.999833583797921
1499794 0.999836105255528
1520858 0.999838626713135
1542523 0.999841148170743
1564815 0.99984366962835
1587761 0.999846191085957
1611391 0.999848712543564
1635735 0.999851234001172
1660827 0.999853755458779
1686702 0.999856276916386
1713396 0.999858798373993
1740950 0.999861319831601
1769405 0.999863841289208
1798807 0.999866362746815
1829203 0.999868884204423
1860645 0.99987140566203
1893187 0.999873927119637
1926889 0.999876448577244
1961814 0.999878970034851
1998029 0.999881491492459
2035608 0.999884012950066
2074628 0.999886534407673
2115175 0.999889055865281
2157339 0.999891577322888
2201220 0.999894098780495
2246924 0.999896620238102
2294567 0.99989914169571
2344277 0.999901663153317
2396189 0.999904184610924
2450454 0.999906706068531
2507235 0.999909227526139
2566712 0.999911748983746
2629081 0.999914270441353
2694559 0.99991679189896
2763383 0.999919313356568
2835817 0.999921834814175
2912153 0.999924356271782
2992714 0.999926877729389
3077862 0.999929399186997
3168000 0.999931920644604
3263580 0.999934442102211
3365108 0.999936963559819
3473160 0.999939485017426
3588385 0.999942006475033
3711520 0.99994452793264
3843411 0.999947049390248
3985024 0.999949570847855
4137477 0.999952092305462
4302063 0.999954613763069
4480291 0.999957135220677
4673930 0.999959656678284
4885070 0.999962178135891
5116195 0.999964699593498
5370284 0.999967221051106
5650938 0.999969742508713
5962553 0.99997226396632
6310551 0.999974785423927
6701699 0.999977306881535
7144554 0.999979828339142
7650094 0.999982349796749
8232641 0.999984871254356
8911243 0.999987392711964
9711791 0.999989914169571
10670401 0.999992435627178
11839011 0.999994957084785
13295119 0.999997478542393
15159697 1
